#Saved Data from the class counter_logic on 18.06.2019 at 17h24m34s.
#
#Parameters:
#===========
#
#Start counting time: 18.06.2019 17h:24min:21s
#Stop counting time: 18.06.2019 17h:24min:33s
#Count frequency (Hz): 50
#Oversampling (Samples): 1
#Smooth Window Length (# of events): 10
#
#Data:
#=====
#Time (s)	Signal0 (counts/s)
1.999831199645996e-02	1.475350000000000e+06
3.999590873718262e-02	1.480850000000000e+06
5.999636650085449e-02	1.492900000000000e+06
7.999539375305176e-02	1.479400000000000e+06
9.999370574951172e-02	1.468350000000000e+06
1.199927330017090e-01	1.489050000000000e+06
1.399915218353271e-01	1.478150000000000e+06
1.599907875061035e-01	1.479000000000000e+06
1.799986362457275e-01	1.476450000000000e+06
1.999883651733398e-01	1.472250000000000e+06
2.199852466583252e-01	1.486450000000000e+06
2.399866580963135e-01	1.470950000000000e+06
2.599821090698242e-01	1.466450000000000e+06
2.799808979034424e-01	1.475950000000000e+06
2.999815940856934e-01	1.475500000000000e+06
3.199815750122070e-01	1.478550000000000e+06
3.399856090545654e-01	1.470000000000000e+06
3.599636554718018e-01	1.480450000000000e+06
3.799753189086914e-01	1.470300000000000e+06
3.999741077423096e-01	1.470700000000000e+06
4.199733734130859e-01	1.470400000000000e+06
4.399883747100830e-01	1.469750000000000e+06
4.599738121032715e-01	1.473950000000000e+06
4.799978733062744e-01	1.474150000000000e+06
5.000205039978027e-01	1.478300000000000e+06
5.200214385986328e-01	1.465550000000000e+06
5.400104522705078e-01	1.479600000000000e+06
5.600092411041260e-01	1.487200000000000e+06
5.799989700317383e-01	1.482200000000000e+06
6.000006198883057e-01	1.474000000000000e+06
6.200182437896729e-01	1.485700000000000e+06
6.400079727172852e-01	1.488700000000000e+06
6.600162982940674e-01	1.479650000000000e+06
6.800081729888916e-01	1.490400000000000e+06
7.000079154968262e-01	1.482700000000000e+06
7.200086116790771e-01	1.460350000000000e+06
7.400081157684326e-01	1.481850000000000e+06
7.599840164184570e-01	1.460200000000000e+06
7.799825668334961e-01	1.482850000000000e+06
7.999815940856934e-01	1.491550000000000e+06
8.199815750122070e-01	1.472050000000000e+06
8.400039672851562e-01	1.506200000000000e+06
8.599832057952881e-01	1.480200000000000e+06
8.799929618835449e-01	1.497750000000000e+06
8.999793529510498e-01	1.495200000000000e+06
9.199903011322021e-01	1.475350000000000e+06
9.399895668029785e-01	1.501450000000000e+06
9.600031375885010e-01	1.478250000000000e+06
9.799873828887939e-01	1.484550000000000e+06
9.999856948852539e-01	1.474700000000000e+06
1.019984245300293e+00	1.481300000000000e+06
1.039983749389648e+00	1.494650000000000e+06
1.059980154037476e+00	1.474850000000000e+06
1.079978227615356e+00	1.494650000000000e+06
1.099980354309082e+00	1.495300000000000e+06
1.119979381561279e+00	1.478850000000000e+06
1.139977455139160e+00	1.474800000000000e+06
1.159978151321411e+00	1.482000000000000e+06
1.179972171783447e+00	1.471900000000000e+06
1.199971437454224e+00	1.465350000000000e+06
1.219970226287842e+00	1.496900000000000e+06
1.239969015121460e+00	1.474250000000000e+06
1.259988307952881e+00	1.477850000000000e+06
1.279973268508911e+00	1.475000000000000e+06
1.299969434738159e+00	1.491850000000000e+06
1.319967746734619e+00	1.483600000000000e+06
1.339966297149658e+00	1.475900000000000e+06
1.359966278076172e+00	1.474950000000000e+06
1.379964590072632e+00	1.494000000000000e+06
1.399963617324829e+00	1.482500000000000e+06
1.419984817504883e+00	1.489800000000000e+06
1.439987421035767e+00	1.484450000000000e+06
1.459996938705444e+00	1.492050000000000e+06
1.479985237121582e+00	1.484250000000000e+06
1.499982118606567e+00	1.484700000000000e+06
1.519996881484985e+00	1.479900000000000e+06
1.539985895156860e+00	1.480750000000000e+06
1.559985876083374e+00	1.471050000000000e+06
1.579977273941040e+00	1.481200000000000e+06
1.599976778030396e+00	1.490500000000000e+06
1.619975805282593e+00	1.479850000000000e+06
1.639974117279053e+00	1.484250000000000e+06
1.659975767135620e+00	1.473900000000000e+06
1.679971933364868e+00	1.480200000000000e+06
1.699970722198486e+00	1.480550000000000e+06
1.719970226287842e+00	1.480000000000000e+06
1.739974975585938e+00	1.479450000000000e+06
1.759969949722290e+00	1.471750000000000e+06
1.779970169067383e+00	1.488950000000000e+06
1.799971103668213e+00	1.479000000000000e+06
1.819970130920410e+00	1.462750000000000e+06
1.839970588684082e+00	1.468950000000000e+06
1.859972715377808e+00	1.484300000000000e+06
1.879970073699951e+00	1.475150000000000e+06
1.899969816207886e+00	1.482000000000000e+06
1.919958591461182e+00	1.488350000000000e+06
1.939958333969116e+00	1.490850000000000e+06
1.959958791732788e+00	1.494850000000000e+06
1.979959011077881e+00	1.481100000000000e+06
1.999958992004395e+00	1.484100000000000e+06
2.019955635070801e+00	1.491550000000000e+06
2.039955615997314e+00	1.480850000000000e+06
2.059951066970825e+00	1.491650000000000e+06
2.079962253570557e+00	1.480450000000000e+06
2.099958896636963e+00	1.485050000000000e+06
2.119946479797363e+00	1.474900000000000e+06
2.139961004257202e+00	1.468100000000000e+06
2.159959077835083e+00	1.462050000000000e+06
2.179959535598755e+00	1.479150000000000e+06
2.199958801269531e+00	1.487550000000000e+06
2.219957113265991e+00	1.488750000000000e+06
2.239955425262451e+00	1.478100000000000e+06
2.259955167770386e+00	1.478850000000000e+06
2.279953479766846e+00	1.495150000000000e+06
2.299952268600464e+00	1.471850000000000e+06
2.319951295852661e+00	1.469200000000000e+06
2.339950084686279e+00	1.473250000000000e+06
2.359949350357056e+00	1.489900000000000e+06
2.379947662353516e+00	1.473900000000000e+06
2.399947166442871e+00	1.481800000000000e+06
2.419945716857910e+00	1.465850000000000e+06
2.439928531646729e+00	1.471600000000000e+06
2.459939956665039e+00	1.464800000000000e+06
2.479938983917236e+00	1.478200000000000e+06
2.499924659729004e+00	1.480750000000000e+06
2.519926548004150e+00	1.474950000000000e+06
2.539937973022461e+00	1.490600000000000e+06
2.559924840927124e+00	1.500200000000000e+06
2.579936981201172e+00	1.467850000000000e+06
2.599931478500366e+00	1.471450000000000e+06
2.619933843612671e+00	1.487850000000000e+06
2.639931917190552e+00	1.487550000000000e+06
2.659928321838379e+00	1.487300000000000e+06
2.679930686950684e+00	1.470700000000000e+06
2.699929714202881e+00	1.476100000000000e+06
2.719928503036499e+00	1.483700000000000e+06
2.739923238754272e+00	1.482250000000000e+06
2.759926795959473e+00	1.479800000000000e+06
2.779925346374512e+00	1.482100000000000e+06
2.799923658370972e+00	1.477750000000000e+06
2.819922685623169e+00	1.482550000000000e+06
2.839906454086304e+00	1.470950000000000e+06
2.859918355941772e+00	1.481850000000000e+06
2.879916191101074e+00	1.469700000000000e+06
2.899914979934692e+00	1.484650000000000e+06
2.919917821884155e+00	1.470900000000000e+06
2.939915180206299e+00	1.474100000000000e+06
2.959914684295654e+00	1.476850000000000e+06
2.979914665222168e+00	1.466600000000000e+06
2.999912023544312e+00	1.482900000000000e+06
3.019911289215088e+00	1.464350000000000e+06
3.039910078048706e+00	1.485850000000000e+06
3.059909343719482e+00	1.488750000000000e+06
3.079907655715942e+00	1.479900000000000e+06
3.099892616271973e+00	1.473450000000000e+06
3.119905471801758e+00	1.471000000000000e+06
3.139904499053955e+00	1.465950000000000e+06
3.159903526306152e+00	1.481000000000000e+06
3.179902076721191e+00	1.469200000000000e+06
3.199900865554810e+00	1.478000000000000e+06
3.219900846481323e+00	1.467750000000000e+06
3.239898681640625e+00	1.483200000000000e+06
3.259882688522339e+00	1.480350000000000e+06
3.279893636703491e+00	1.489100000000000e+06
3.299891948699951e+00	1.479150000000000e+06
3.319890975952148e+00	1.486450000000000e+06
3.339899539947510e+00	1.488900000000000e+06
3.359888553619385e+00	1.485000000000000e+06
3.379875421524048e+00	1.490950000000000e+06
3.399888753890991e+00	1.444450000000000e+06
3.419885635375977e+00	1.375900000000000e+06
3.439885377883911e+00	1.365850000000000e+06
3.459883928298950e+00	1.367150000000000e+06
3.479886054992676e+00	1.371000000000000e+06
3.499884128570557e+00	1.360750000000000e+06
3.519869089126587e+00	1.371550000000000e+06
3.539882659912109e+00	1.358950000000000e+06
3.559881448745728e+00	1.370500000000000e+06
3.579879522323608e+00	1.363600000000000e+06
3.599878311157227e+00	1.366600000000000e+06
3.619910478591919e+00	1.365950000000000e+06
3.639949083328247e+00	1.370900000000000e+06
3.659925460815430e+00	1.354950000000000e+06
3.679922342300415e+00	1.366400000000000e+06
3.699907779693604e+00	1.372150000000000e+06
3.719919204711914e+00	1.369200000000000e+06
3.739907503128052e+00	1.344100000000000e+06
3.759921073913574e+00	1.373150000000000e+06
3.779918670654297e+00	1.361300000000000e+06
3.799917936325073e+00	1.365500000000000e+06
3.819926977157593e+00	1.374150000000000e+06
3.839914321899414e+00	1.367950000000000e+06
3.859914779663086e+00	1.371250000000000e+06
3.879914999008179e+00	1.350000000000000e+06
3.899979352951050e+00	1.369650000000000e+06
3.919979095458984e+00	1.363150000000000e+06
3.939960718154907e+00	1.368000000000000e+06
3.959969043731689e+00	1.368600000000000e+06
3.979958534240723e+00	1.361200000000000e+06
3.999966621398926e+00	1.365850000000000e+06
4.019957065582275e+00	1.375200000000000e+06
4.039980173110962e+00	1.357750000000000e+06
4.059952974319458e+00	1.356550000000000e+06
4.079952001571655e+00	1.356200000000000e+06
4.099951267242432e+00	1.355450000000000e+06
4.119951248168945e+00	1.354800000000000e+06
4.139958381652832e+00	1.381850000000000e+06
4.159956932067871e+00	1.394700000000000e+06
4.179954290390015e+00	1.374400000000000e+06
4.199945688247681e+00	1.360750000000000e+06
4.219956398010254e+00	1.362200000000000e+06
4.239943742752075e+00	1.373500000000000e+06
4.259959697723389e+00	1.367650000000000e+06
4.279942989349365e+00	1.372450000000000e+06
4.299948453903198e+00	1.367950000000000e+06
4.319940328598022e+00	1.353250000000000e+06
4.339946508407593e+00	1.371500000000000e+06
4.359954595565796e+00	1.380150000000000e+06
4.379939317703247e+00	1.384400000000000e+06
4.399942398071289e+00	1.369050000000000e+06
4.419949054718018e+00	1.372550000000000e+06
4.439933776855469e+00	1.345700000000000e+06
4.459931612014771e+00	1.354000000000000e+06
4.479939937591553e+00	1.357350000000000e+06
4.499938011169434e+00	1.367600000000000e+06
4.519935369491577e+00	1.361900000000000e+06
4.539925575256348e+00	1.367150000000000e+06
4.559925317764282e+00	1.354250000000000e+06
4.579926490783691e+00	1.364400000000000e+06
4.599940061569214e+00	1.350600000000000e+06
4.619939804077148e+00	1.353200000000000e+06
4.639922857284546e+00	1.363300000000000e+06
4.659919977188110e+00	1.354650000000000e+06
4.679919481277466e+00	1.372400000000000e+06
4.699916839599609e+00	1.356700000000000e+06
4.719916582107544e+00	1.359850000000000e+06
4.739921808242798e+00	1.361750000000000e+06
4.759923458099365e+00	1.374100000000000e+06
4.779915809631348e+00	1.362650000000000e+06
4.799923419952393e+00	1.370900000000000e+06
4.819917678833008e+00	1.362950000000000e+06
4.839912652969360e+00	1.381700000000000e+06
4.859908342361450e+00	1.372050000000000e+06
4.879906415939331e+00	1.366750000000000e+06
4.899906158447266e+00	1.370700000000000e+06
4.919913530349731e+00	1.364550000000000e+06
4.939903497695923e+00	1.366450000000000e+06
4.959911584854126e+00	1.370350000000000e+06
4.979912519454956e+00	1.379650000000000e+06
4.999907493591309e+00	1.367600000000000e+06
5.019906520843506e+00	1.370500000000000e+06
5.039897441864014e+00	1.382800000000000e+06
5.059898853302002e+00	1.360650000000000e+06
5.079895973205566e+00	1.362600000000000e+06
5.099895000457764e+00	1.366950000000000e+06
5.119892597198486e+00	1.365150000000000e+06
5.139891624450684e+00	1.371750000000000e+06
5.159895420074463e+00	1.367450000000000e+06
5.179894685745239e+00	1.374700000000000e+06
5.199889183044434e+00	1.374500000000000e+06
5.219888210296631e+00	1.361450000000000e+06
5.239885807037354e+00	1.363850000000000e+06
5.259887933731079e+00	1.365550000000000e+06
5.279883861541748e+00	1.367050000000000e+06
5.299882650375366e+00	1.370550000000000e+06
5.319881439208984e+00	1.355650000000000e+06
5.339880704879761e+00	1.362150000000000e+06
5.359885215759277e+00	1.358800000000000e+06
5.379885196685791e+00	1.368550000000000e+06
5.399876832962036e+00	1.357650000000000e+06
5.419875860214233e+00	1.363800000000000e+06
5.439874649047852e+00	1.371600000000000e+06
5.459879398345947e+00	1.354700000000000e+06
5.479873418807983e+00	1.352550000000000e+06
5.499877214431763e+00	1.367850000000000e+06
5.519879579544067e+00	1.369950000000000e+06
5.539868831634521e+00	1.362700000000000e+06
5.559878587722778e+00	1.372850000000000e+06
5.579867601394653e+00	1.361950000000000e+06
5.599867820739746e+00	1.364700000000000e+06
5.619867563247681e+00	1.344650000000000e+06
5.639864683151245e+00	1.366350000000000e+06
5.659868001937866e+00	1.364700000000000e+06
5.679867744445801e+00	1.352600000000000e+06
5.699874877929688e+00	1.359250000000000e+06
5.719867467880249e+00	1.359100000000000e+06
5.739864826202393e+00	1.352700000000000e+06
5.759864568710327e+00	1.357200000000000e+06
5.779865980148315e+00	1.366000000000000e+06
5.799865484237671e+00	1.350400000000000e+06
5.819865942001343e+00	1.348000000000000e+06
5.839878559112549e+00	1.375700000000000e+06
5.859895229339600e+00	1.371650000000000e+06
5.879849910736084e+00	1.360700000000000e+06
5.899861574172974e+00	1.369100000000000e+06
5.919859647750854e+00	1.423950000000000e+06
5.939856529235840e+00	1.482450000000000e+06
5.959846496582031e+00	1.471550000000000e+06
5.979847669601440e+00	1.481550000000000e+06
5.999859094619751e+00	1.469850000000000e+06
6.019857645034790e+00	1.473550000000000e+06
6.039862632751465e+00	1.472200000000000e+06
6.059855461120605e+00	1.464800000000000e+06
6.079854249954224e+00	1.471450000000000e+06
6.099853277206421e+00	1.470550000000000e+06
6.119852066040039e+00	1.478950000000000e+06
6.139846801757812e+00	1.486700000000000e+06
6.159849882125854e+00	1.465650000000000e+06
6.179845571517944e+00	1.474500000000000e+06
6.199844360351562e+00	1.471850000000000e+06
6.219842910766602e+00	1.480750000000000e+06
6.239828824996948e+00	1.473950000000000e+06
6.259841442108154e+00	1.467500000000000e+06
6.279856443405151e+00	1.469100000000000e+06
6.299841642379761e+00	1.470700000000000e+06
6.319840192794800e+00	1.480400000000000e+06
6.339839696884155e+00	1.475450000000000e+06
6.359835624694824e+00	1.494950000000000e+06
6.379837989807129e+00	1.462150000000000e+06
6.399838447570801e+00	1.475350000000000e+06
6.419835090637207e+00	1.473850000000000e+06
6.439833164215088e+00	1.466550000000000e+06
6.459830045700073e+00	1.476950000000000e+06
6.479831933975220e+00	1.477200000000000e+06
6.499831676483154e+00	1.479250000000000e+06
6.519829273223877e+00	1.472700000000000e+06
6.539828300476074e+00	1.482050000000000e+06
6.559827327728271e+00	1.480900000000000e+06
6.579825878143311e+00	1.498900000000000e+06
6.599809169769287e+00	1.478800000000000e+06
6.619820117950439e+00	1.456800000000000e+06
6.639818668365479e+00	1.480050000000000e+06
6.659805297851562e+00	1.479750000000000e+06
6.679820775985718e+00	1.481900000000000e+06
6.699808597564697e+00	1.469150000000000e+06
6.719817399978638e+00	1.477200000000000e+06
6.739816427230835e+00	1.465400000000000e+06
6.759815931320190e+00	1.487600000000000e+06
6.779815196990967e+00	1.477650000000000e+06
6.799813747406006e+00	1.472550000000000e+06
6.819811820983887e+00	1.487400000000000e+06
6.839811325073242e+00	1.483150000000000e+06
6.859811067581177e+00	1.484750000000000e+06
6.879808664321899e+00	1.494300000000000e+06
6.899807929992676e+00	1.492750000000000e+06
6.919806957244873e+00	1.470200000000000e+06
6.939805269241333e+00	1.463800000000000e+06
6.959805011749268e+00	1.470950000000000e+06
6.979803323745728e+00	1.485900000000000e+06
6.999802589416504e+00	1.488200000000000e+06
7.019784688949585e+00	1.482300000000000e+06
7.039783716201782e+00	1.472300000000000e+06
7.059782981872559e+00	1.479500000000000e+06
7.079782009124756e+00	1.459450000000000e+06
7.099795341491699e+00	1.472650000000000e+06
7.119779109954834e+00	1.484100000000000e+06
7.139793634414673e+00	1.485850000000000e+06
7.159793615341187e+00	1.478700000000000e+06
7.179791688919067e+00	1.466050000000000e+06
7.199790716171265e+00	1.483400000000000e+06
7.219789505004883e+00	1.465200000000000e+06
7.239789009094238e+00	1.478900000000000e+06
7.259788513183594e+00	1.482800000000000e+06
7.279786348342896e+00	1.480900000000000e+06
7.299785137176514e+00	1.473000000000000e+06
7.319783449172974e+00	1.473050000000000e+06
7.339782714843750e+00	1.492300000000000e+06
7.359782218933105e+00	1.474450000000000e+06
7.379780769348145e+00	1.477200000000000e+06
7.399779558181763e+00	1.483100000000000e+06
7.419775009155273e+00	1.483150000000000e+06
7.439760923385620e+00	1.476650000000000e+06
7.459772586822510e+00	1.479200000000000e+06
7.479771375656128e+00	1.460450000000000e+06
7.499769687652588e+00	1.372700000000000e+06
7.519774675369263e+00	1.359650000000000e+06
7.539768934249878e+00	1.359550000000000e+06
7.559770107269287e+00	1.368350000000000e+06
7.579768896102905e+00	1.367450000000000e+06
7.599767923355103e+00	1.369950000000000e+06
7.619766950607300e+00	1.372250000000000e+06
7.639765262603760e+00	1.362700000000000e+06
7.659763336181641e+00	1.372450000000000e+06
7.679760217666626e+00	1.366150000000000e+06
7.699759244918823e+00	1.362150000000000e+06
7.719760656356812e+00	1.364450000000000e+06
7.739783763885498e+00	1.360400000000000e+06
7.759799480438232e+00	1.363850000000000e+06
7.779799222946167e+00	1.356100000000000e+06
7.799797773361206e+00	1.360900000000000e+06
7.819796085357666e+00	1.360600000000000e+06
7.839795112609863e+00	1.356950000000000e+06
7.859791278839111e+00	1.363500000000000e+06
7.879777908325195e+00	1.362900000000000e+06
7.899788618087769e+00	1.364900000000000e+06
7.919787168502808e+00	1.354250000000000e+06
7.939789295196533e+00	1.365850000000000e+06
7.959783554077148e+00	1.357400000000000e+06
7.979788064956665e+00	1.362850000000000e+06
7.999786138534546e+00	1.363150000000000e+06
8.019784688949585e+00	1.354200000000000e+06
8.039783954620361e+00	1.357400000000000e+06
8.059782505035400e+00	1.371450000000000e+06
8.079782009124756e+00	1.358700000000000e+06
8.099836587905884e+00	1.375400000000000e+06
8.119826555252075e+00	1.353050000000000e+06
8.139827728271484e+00	1.359400000000000e+06
8.159821987152100e+00	1.365600000000000e+06
8.179835557937622e+00	1.358650000000000e+06
8.199825286865234e+00	1.366600000000000e+06
8.219818115234375e+00	1.369000000000000e+06
8.239825010299683e+00	1.380400000000000e+06
8.259816646575928e+00	1.371200000000000e+06
8.279810905456543e+00	1.362550000000000e+06
8.299797773361206e+00	1.368700000000000e+06
8.319808721542358e+00	1.368000000000000e+06
8.339807748794556e+00	1.367850000000000e+06
8.359832048416138e+00	1.383700000000000e+06
8.379793167114258e+00	1.379700000000000e+06
8.399809122085571e+00	1.376400000000000e+06
8.419806718826294e+00	1.360150000000000e+06
8.439809560775757e+00	1.362950000000000e+06
8.459805250167847e+00	1.363450000000000e+06
8.479825496673584e+00	1.367350000000000e+06
8.499827384948730e+00	1.361500000000000e+06
8.519828081130981e+00	1.368700000000000e+06
8.539829969406128e+00	1.380500000000000e+06
8.559829473495483e+00	1.366450000000000e+06
8.579826831817627e+00	1.367850000000000e+06
8.599829196929932e+00	1.374400000000000e+06
8.619829416275024e+00	1.362800000000000e+06
8.639824151992798e+00	1.379500000000000e+06
8.659817934036255e+00	1.373250000000000e+06
8.679817676544189e+00	1.357500000000000e+06
8.699814558029175e+00	1.361950000000000e+06
8.719813585281372e+00	1.369950000000000e+06
8.739820718765259e+00	1.371250000000000e+06
8.759811878204346e+00	1.355350000000000e+06
8.779818773269653e+00	1.364950000000000e+06
8.799821138381958e+00	1.375700000000000e+06
8.819821596145630e+00	1.373800000000000e+06
8.839822053909302e+00	1.376600000000000e+06
8.859807491302490e+00	1.381700000000000e+06
8.879821777343750e+00	1.373300000000000e+06
8.899810075759888e+00	1.369400000000000e+06
8.919801712036133e+00	1.372550000000000e+06
8.939800739288330e+00	1.366200000000000e+06
8.959800720214844e+00	1.358850000000000e+06
8.979799747467041e+00	1.364600000000000e+06
8.999798536300659e+00	1.371600000000000e+06
9.019798278808594e+00	1.356400000000000e+06
9.039797782897949e+00	1.374200000000000e+06
9.059799432754517e+00	1.393250000000000e+06
9.079792737960815e+00	1.360050000000000e+06
9.099791765213013e+00	1.374450000000000e+06
9.119794130325317e+00	1.366900000000000e+06
9.139797687530518e+00	1.372700000000000e+06
9.159795284271240e+00	1.362700000000000e+06
9.179787874221802e+00	1.367200000000000e+06
9.199786901473999e+00	1.363400000000000e+06
9.219807624816895e+00	1.369050000000000e+06
9.239788532257080e+00	1.373700000000000e+06
9.259798765182495e+00	1.368700000000000e+06
9.279787778854370e+00	1.381350000000000e+06
9.299788951873779e+00	1.369350000000000e+06
9.319788932800293e+00	1.371450000000000e+06
9.339787244796753e+00	1.367550000000000e+06
9.359778165817261e+00	1.364400000000000e+06
9.379782676696777e+00	1.381600000000000e+06
9.399778366088867e+00	1.361000000000000e+06
9.419777393341064e+00	1.364650000000000e+06
9.439777374267578e+00	1.360600000000000e+06
9.459778070449829e+00	1.370100000000000e+06
9.479785203933716e+00	1.364100000000000e+06
9.499804258346558e+00	1.371550000000000e+06
9.519806385040283e+00	1.368050000000000e+06
9.539804697036743e+00	1.356450000000000e+06
9.559802532196045e+00	1.360200000000000e+06
9.579803466796875e+00	1.368250000000000e+06
9.599806785583496e+00	1.367400000000000e+06
9.619809865951538e+00	1.456450000000000e+06
9.639800071716309e+00	1.492800000000000e+06
9.659817695617676e+00	1.487100000000000e+06
9.679841518402100e+00	1.477100000000000e+06
9.699826240539551e+00	1.490100000000000e+06
9.719813108444214e+00	1.481000000000000e+06
9.739796876907349e+00	1.479200000000000e+06
9.759824991226196e+00	1.491900000000000e+06
9.779803752899170e+00	1.496000000000000e+06
9.799803018569946e+00	1.485400000000000e+06
9.819802522659302e+00	1.471400000000000e+06
9.839803934097290e+00	1.488350000000000e+06
9.859795331954956e+00	1.491450000000000e+06
9.879814863204956e+00	1.481500000000000e+06
9.899783134460449e+00	1.483400000000000e+06
9.919814825057983e+00	1.469250000000000e+06
9.939814567565918e+00	1.491300000000000e+06
9.959789514541626e+00	1.477950000000000e+06
9.979790210723877e+00	1.489650000000000e+06
9.999778747558594e+00	1.480900000000000e+06
1.001978492736816e+01	1.474950000000000e+06
1.003981399536133e+01	1.485400000000000e+06
1.005977511405945e+01	1.486350000000000e+06
1.007978701591492e+01	1.465950000000000e+06
1.009981346130371e+01	1.464100000000000e+06
1.011978507041931e+01	1.487150000000000e+06
1.013981747627258e+01	1.471300000000000e+06
1.015981459617615e+01	1.484400000000000e+06
1.017978644371033e+01	1.476700000000000e+06
1.019977927207947e+01	1.467450000000000e+06
1.021977925300598e+01	1.477450000000000e+06
1.023977661132812e+01	1.496750000000000e+06
1.025977849960327e+01	1.498200000000000e+06
1.027977705001831e+01	1.471950000000000e+06
1.029977560043335e+01	1.478500000000000e+06
1.031978178024292e+01	1.487950000000000e+06
1.033977770805359e+01	1.468450000000000e+06
1.035979747772217e+01	1.470100000000000e+06
1.037975645065308e+01	1.474450000000000e+06
1.039977383613586e+01	1.482050000000000e+06
1.041977071762085e+01	1.493250000000000e+06
1.043977522850037e+01	1.471000000000000e+06
1.045980119705200e+01	1.477450000000000e+06
1.047977519035339e+01	1.468850000000000e+06
1.049977111816406e+01	1.491900000000000e+06
1.051977491378784e+01	1.470400000000000e+06
1.053976392745972e+01	1.478950000000000e+06
1.055975985527039e+01	1.469150000000000e+06
1.057976245880127e+01	1.481600000000000e+06
1.059976100921631e+01	1.483850000000000e+06
1.061975002288818e+01	1.469000000000000e+06
1.063975977897644e+01	1.474350000000000e+06
1.065975689888000e+01	1.487750000000000e+06
1.067975783348083e+01	1.467550000000000e+06
1.069976186752319e+01	1.487750000000000e+06
1.071975970268250e+01	1.476750000000000e+06
1.073975086212158e+01	1.481750000000000e+06
1.075975012779236e+01	1.484200000000000e+06
1.077974605560303e+01	1.465850000000000e+06
1.079974460601807e+01	1.474250000000000e+06
1.081973052024841e+01	1.476150000000000e+06
1.083972954750061e+01	1.466050000000000e+06
1.085977673530579e+01	1.483450000000000e+06
1.087974357604980e+01	1.484900000000000e+06
1.089974308013916e+01	1.484900000000000e+06
1.091974878311157e+01	1.467750000000000e+06
1.093974733352661e+01	1.476400000000000e+06
1.095974779129028e+01	1.482150000000000e+06
1.097973752021790e+01	1.480850000000000e+06
1.099974799156189e+01	1.486250000000000e+06
1.101971936225891e+01	1.480200000000000e+06
1.103973126411438e+01	1.479300000000000e+06
1.105971693992615e+01	1.465850000000000e+06
1.107973361015320e+01	1.475650000000000e+06
1.109973216056824e+01	1.480950000000000e+06
1.111973500251770e+01	1.482850000000000e+06
1.113973522186279e+01	1.472200000000000e+06
1.115973258018494e+01	1.480250000000000e+06
1.117973279953003e+01	1.482350000000000e+06
1.119972205162048e+01	1.482650000000000e+06
1.121970796585083e+01	1.469750000000000e+06
1.123970699310303e+01	1.475000000000000e+06
1.125970578193665e+01	1.465600000000000e+06
1.127972030639648e+01	1.489950000000000e+06
1.129970455169678e+01	1.475800000000000e+06
1.131971526145935e+01	1.453350000000000e+06
1.133970141410828e+01	1.477550000000000e+06
1.135973620414734e+01	1.465300000000000e+06
1.137970185279846e+01	1.473100000000000e+06
1.139971399307251e+01	1.476700000000000e+06
1.141969680786133e+01	1.482550000000000e+06
1.143971085548401e+01	1.455350000000000e+06
1.145969867706299e+01	1.473050000000000e+06
1.147973251342773e+01	1.480100000000000e+06
1.149973988533020e+01	1.483050000000000e+06
1.151973557472229e+01	1.457550000000000e+06
1.153973031044006e+01	1.481150000000000e+06
1.155973839759827e+01	1.480900000000000e+06
1.157973742485046e+01	1.471750000000000e+06
1.159973716735840e+01	1.468550000000000e+06
1.161973190307617e+01	1.460300000000000e+06
1.163972496986389e+01	1.469850000000000e+06
1.165973997116089e+01	1.466750000000000e+06
1.167973399162292e+01	1.482150000000000e+06
1.169972419738770e+01	1.474450000000000e+06
1.171973133087158e+01	1.469500000000000e+06
1.173973178863525e+01	1.478850000000000e+06
1.175972557067871e+01	1.468800000000000e+06
1.177971744537354e+01	1.478200000000000e+06
1.179972600936890e+01	1.471200000000000e+06
1.181971549987793e+01	1.485150000000000e+06
1.183972167968750e+01	1.479950000000000e+06
1.185971283912659e+01	1.465600000000000e+06
1.187972640991211e+01	1.480400000000000e+06
1.189971446990967e+01	1.475900000000000e+06
1.191972446441650e+01	1.467500000000000e+06
1.193971824645996e+01	1.475400000000000e+06
1.195971131324768e+01	1.487400000000000e+06
1.197970676422119e+01	1.467900000000000e+06
1.199971055984497e+01	1.485950000000000e+06
1.201970338821411e+01	1.473100000000000e+06
1.203970217704773e+01	1.475150000000000e+06
1.205970120429993e+01	1.474700000000000e+06
1.207969999313354e+01	1.478300000000000e+06
1.209970545768738e+01	1.449450000000000e+06
1.211969876289368e+01	1.472100000000000e+06
1.213971543312073e+01	1.467850000000000e+06
1.215970993041992e+01	1.480100000000000e+06
1.217969870567322e+01	1.469600000000000e+06
1.219969940185547e+01	1.468200000000000e+06
1.221970748901367e+01	1.485350000000000e+06
1.223969864845276e+01	1.479800000000000e+06
1.225969696044922e+01	1.496150000000000e+06
1.227970504760742e+01	1.475350000000000e+06
1.229969882965088e+01	1.481150000000000e+06
1.231969857215881e+01	1.488150000000000e+06
1.233969855308533e+01	1.468800000000000e+06
1.235969877243042e+01	1.480300000000000e+06
1.237969923019409e+01	1.490200000000000e+06
1.239969944953918e+01	1.481100000000000e+06
1.241969370841980e+01	1.477950000000000e+06
1.243969559669495e+01	1.471150000000000e+06
1.245969128608704e+01	1.488700000000000e+06
1.247967743873596e+01	1.469400000000000e+06
